Unit cell from CRYSTAL C:\Users\wilso\Desktop\MOFs for quantum\func. MIRO101\CHLORO\OPT out\Cl_12_OPT.out for geometry N: 71
10.28219393,10.28219393,10.28219393,115.021115,115.021115,98.864344
17,-3.7476779688795,-3.17234055331228,6.33086583137821,0
17,1.09950559722486,-3.33274430507711,-1.02165216458685,0
17,.868203899876439,-3.41857694490244,4.15944324293,0
17,-.893128433869049,.947099824617052,-2.96957867594576,0
17,-6.52822346229398,.460875652071284,-1.02504990249063,0
17,-.512108054874491,.60702027038224,2.94918274975671,0
17,-3.05125895699256,-3.54311634787498,.402170534569744,0
17,-5.67713979923156,2.01537453448909,4.17277485193978,0
1,-1.81408820937173,-2.22483669161392,-2.13639197151236,0
1,-.648681957260515,-3.99516653701127,7.15446410169648,0
1,-.996475955651853,-1.55195838008188,5.1439381432508,0
1,.786149216638157,-1.20460036996856,-3.66293203965931,0
17,-1.46751247760845,-.429397928192529,1.71128740956226E-02,0
17,-4.86778640934516,2.58137939987179,.799890296396875,0
17,-3.48844878803693,-.362326535091478,4.54715874280289,0
17,-5.94498259840086,-2.24950082752091,1.13491632048022,0
6,-5.05378099561755,-1.17035716695734,7.6614051707039,0
6,-1.48159020745222,3.01469967640105,-6.5302236357215,0
6,-1.22668603141909,-3.63331255119903,2.41316081028585,0
6,-8.00667303890307,1.32912415082254,2.95473588850736,0
6,-6.1975400539422,-1.19892066963336,6.74662963974,0
6,-9.56970856843682,3.17450521181097,-1.40060305062,0
6,-4.44664994827057,3.69508819012888,-2.58522923751886,0
6,-8.65046507048833,2.38619746450356,3.73828088217446,0
6,-3.85548114464789,-1.90325948591863,7.49087343741249,0
6,-2.56354828132662,3.9264936294727,-6.54238618997183,0
6,-.69961899890396,-3.01407222941088,3.57112937204911,0
6,-8.65008184851333,.530992194923934,1.97946161428583,0
6,-2.85463182898429,-.718567666187417,-.982100605790845,0
6,-3.57077262620609,2.73199931727057,1.9405987147621,0
6,-2.61902473460433,-1.60898465339184,3.71283736851515,0
6,-6.7243010835963,-.864292888624697,1.8277427562892,0
6,-5.038774760218,-.322518998456571,-1.49331571949126,0
6,-1.65158905181408,1.92853885386649,2.86788587183555,0
6,-2.41856690067489,-3.03745037363476,1.94989149931759,0
6,-6.6597995606847,.971584627291881,3.17461658211372,0
6,-3.59623664880894,3.81958208896614,2.81425601361882,0
6,-2.73485953783368,-1.66113838209173,-2.00385244439129,0
6,-8.03511704406201,-.591535287728536,1.43515317403408,0
6,-1.40251704268914,-2.02675431007747,4.25352149051399,0
7,-6.9005760813104,-.081462517597281,6.37626655243716,0
7,-8.31890842237686,2.89931043881616,-1.89040711826329,0
7,-5.21141705589467,2.66335315954909,-3.06564083523205,0
7,-8.43346208155637,2.57566911604233,5.07885963483378,0
7,-7.87960527638397,-.506693934646397,5.51963782284538,0
7,-7.4385703010782,3.17279062857135,-.878801424589924,0
7,-4.34001241015919,1.74774757143221,-3.59047704434581,0
7,-9.20617565351656,3.64302593145289,5.44871887986595,0
7,-6.74394855063482,-2.28501723166199,6.12815808057943,0
7,-9.45046248696671,3.60378025711701,-.111348088779014,0
7,-3.13287861683209,3.41200415937814,-2.81877444867739,0
7,-9.53707398670299,3.32610301197605,3.30104269065258,0
7,-7.80225441262946,-1.81143668102733,5.38991774645799,0
7,-8.10772065137364,3.56755950437627,.180235602772796,0
7,-3.11296892036617,2.19931606140724,-3.46552000566055,0
7,-9.84141965676865,4.10143131205387,4.39444489020537,0
7,-3.99541146880867,-9.23853416582526E-02,-.710638285588938,0
7,-2.63726406822662,1.78710892878687,1.99461915381576,0
7,-3.09549573593578,-2.07910833930179,2.56430204338784,0
7,-6.04055900042016,-.075461138760079,2.65079532216095,0
30,-7.21609091028448,2.01421754920251,6.7658665234439,0
30,-6.71159626840876,-4.37331951660462,5.97364642343216,0
17,5.56955241505427,-3.17234055331228,1.98198896638995,0
17,10.4167359811586,-3.33274430507711,-5.37052902957511,0
17,10.1854342838102,-3.41857694490244,-.189433622058259,0
17,8.42410195006473,.947099824617052,-7.31845554093402,0
17,2.7890069216398,.460875652071284,-5.37392676747889,0
17,8.80512232905928,.60702027038224,-1.39969411523155,0
17,6.26597142694122,-3.54311634787498,-3.94670633041852,0
17,3.64009058470222,2.01537453448909,-.176102013048481,0
1,7.50314217456204,-2.22483669161392,-6.48526883650062,0
1,8.66854842667326,-3.99516653701127,2.80558723670822,0
1,8.32075442828192,-1.55195838008188,.79506127826254,0
1,10.1033796005719,-1.20460036996856,-8.01180890464757,0
17,7.84971790632532,-.429397928192529,-4.33176399089264,0
17,4.44944397458861,2.58137939987179,-3.54898656859139,0
17,5.82878159589685,-.362326535091478,.198281877814625,0
17,3.37224778553291,-2.24950082752091,-3.21396054450804,0
6,4.26344938831623,-1.17035716695734,3.31252830571564,0
6,7.83564017648155,3.01469967640105,-10.8791005007098,0
6,8.09054435251469,-3.63331255119903,-1.93571605470241,0
6,1.3105573450307,1.32912415082254,-1.3941409764809,0
6,3.11969032999157,-1.19892066963336,2.39775277475174,0
6,-.252478184503043,3.17450521181097,-5.74947991560826,0
6,4.87058043566321,3.69508819012888,-6.93410610250712,0
6,.666765313445449,2.38619746450356,-.610595982813797,0
6,5.46174923928589,-1.90325948591863,3.14199657242423,0
6,6.75368210260715,3.9264936294727,-10.8912630549601,0
6,8.61761138502982,-3.01407222941088,-.777747492939151,0
6,.667148535420448,.530992194923934,-2.36941525070243,0
6,6.46259855494948,-.718567666187417,-5.33097747077911,0
6,5.74645775772769,2.73199931727057,-2.40827815022616,0
6,6.69820564932944,-1.60898465339184,-.63603949647311,0
6,2.59292930033748,-.864292888624697,-2.52113410869906,0
6,4.27845562371578,-.322518998456571,-5.84219258447952,0
6,7.6656413321197,1.92853885386649,-1.48099099315271,0
6,6.89866348325888,-3.03745037363476,-2.39898536567067,0
6,2.65743082324907,.971584627291881,-1.17426028287454,0
6,5.72099373512484,3.81958208896614,-1.53462085136944,0
6,6.5823708461001,-1.66113838209173,-6.35272930937955,0
6,1.28211333987177,-.591535287728536,-2.91372369095419,0
6,7.91471334124464,-2.02675431007747,-9.53553744742695E-02,0
7,2.41665430262337,-.081462517597281,2.0273896874489,0
7,.998321961556912,2.89931043881616,-6.23928398325155,0
7,4.1058133280391,2.66335315954909,-7.41451770022031,0
7,.883768302377406,2.57566911604233,.729982769845523,0
7,1.43762510754981,-.506693934646397,1.17076095785712,0
7,1.87866008285558,3.17279062857135,-5.22767828957818,0
7,4.97721797377458,1.74774757143221,-7.93935390933407,0
7,.111054730417219,3.64302593145289,1.09984201487769,0
7,2.57328183329895,-2.28501723166199,1.77928121559117,0
7,-.133232103032931,3.60378025711701,-4.46022495376728,0
7,6.18435176710168,3.41200415937814,-7.16765131366565,0
7,-.219843602769209,3.32610301197605,-1.04783417433568,0
7,1.51497597130432,-1.81143668102733,1.04104088146973,0
7,1.20950973256014,3.56755950437627,-4.16864126221546,0
7,6.20426146356761,2.19931606140724,-7.81439687064882,0
7,-.524189272834876,4.10143131205387,4.55680252171113E-02,0
7,5.32181891512511,-9.23853416582526E-02,-5.0595151505772,0
7,6.67996631570716,1.78710892878687,-2.3542577111725,0
7,6.22173464799799,-2.07910833930179,-1.78457482160042,0
7,3.27667138351362,-.075461138760079,-1.69808154282731,0
30,2.1011394736493,2.01421754920251,2.41698965845564,0
30,2.60563411552501,-4.37331951660462,1.6247695584439,0
100,.716432623618905,-.114961472733197,-.549668874050229,0
100,10.0336630075527,-.114961472733197,-4.89854573903849,0
100,-3.06197036019331,8.40175461500964,-4.89854573903849,0
100,.716432623618905,-.114961472733197,9.73252505594977,0
100,6.25526002374047,8.40175461500964,-9.24742260402675,0
100,10.0336630075527,-.114961472733197,5.38364819096151,0
100,-3.06197036019331,8.40175461500964,5.38364819096151,0
100,6.25526002374047,8.40175461500964,1.03477132597325,0
-3.65861519196689,4.21938578066522E-16,2.17443843249413
-4.65861519196689,1,2.17443843249413
-4.65861519196689,4.21938578066522E-16,3.17443843249413
-4.65861519196689,4.21938578066522E-16,2.17443843249413
-.716432623618905,.114961472733198,.549668874050229
4.65861519196689,1.45122081317861E-16,-2.17443843249413
